day 1   0.49    1.44    1
day 2   2.46    3.36    1
day 3   1.59    3.16    1
day 4   2.24    2.49    2
day 5   3.54    8.40    9
day 6   6.07    7.58    2
day 7   17.14   18.48   3   
day 8   9.36    12.25   30
day 9   28.30   29.56   95
day 10  5.45    6.08    28
day 11  17.40   17.51   62
day 12  1.42    50.58   +
day 13  11.15   12.35   21
day 14  13.15   16.45   34
day 15  29.40   37.25   +
day 16  6.30    9.20    13
day 17  6.56    8.58    38
day 18  14.53   20.31   55
day 19  40.25   68.05   37
day 20  11.05   24.43   36
day 21  18.36   28.12   52      
day 22  31.15   32.34   4
day 23  7.16    9.59    9
day 24  29.15   36.31   64
day 25  12.26   12.26   55  